Z =

 -1.1510e+003

X =

    0.0449
   56.9069
   36.2504
   27.9155
         0
         0
    1.0000
         0
         0
         0
         0
         0
         0
         0
    1.0000
         0
         0
         0
         0
         0

t =

  210.9440

c =

    27

fail =

     4

